   321.10902215595223     
   321.10827265337514     
   321.10702594022422     
   321.10508664219202     
   321.10243356395642     
   321.09906766124561     
   321.09499849803768     
   321.09024141454313     
   321.08481688232263     
   321.07875053326075     
   321.07207344162072     
   321.06482249509526     
   321.05704075208240     
   321.04877770118611     
   321.04008933274554     
   321.03103793476839     
   321.02169152797671     
   321.01212288217476     
   321.00240809588479     
   320.99262478878944     
   320.98285002566763     
   320.97315815829427     
   320.96361880096151     
   320.95429514534953     
   320.94524275900409     
   320.93650893088375     
   320.92813254073610     
   320.92014436930918     
   320.91256773087844     
   320.90541930700931     
   320.89871007208808     
   320.89244622733872     
   320.88663008374607     
   320.88126085965848     
   320.87633537519525     
   320.87184864059429     
   320.86779434223433     
   320.86416523659688     
   320.86095346289903     
   320.85815078717525     
   320.85574878839935     
   320.85373899756485     
   320.85211299776620     
   320.85086249328225     
   320.84997935289795     
   320.84945563279365     
   320.84928358188091     
   321.10954262879181     
   321.10879208861934     
   321.10754362223349     
   321.10560153498926     
   321.10294452319852     
   321.09957343433121     
   321.09549770760998     
   321.09073253893945     
   321.08529824046792     
   321.07922027511410     
   321.07252955059499     
   321.06526280448026     
   321.05746298264660     
   321.04917952188339     
   321.04046844938370     
   321.03139220347566     
   321.02201908944903     
   321.01242230184261     
   321.00267849311587     
   320.99286593091028     
   320.98306236864488     
   320.97334282099774     
   320.96377747702661     
   320.95442996671522     
   320.94535613673452     
   320.93660339653002     
   320.92821060898581     
   320.92020843152233     
   320.91261998377371     
   320.90546171239578     
   320.89874434277596     
   320.89247383111189     
   320.88665225992429     
   320.88127864191148     
   320.87634961761722     
   320.87186004345381     
   320.86780347664080     
   320.86417256637310     
   320.86095936412647     
   320.85815556462308     
   320.85575268977732     
   320.85374222515969     
   320.85211571849487     
   320.85086484680079     
   320.84998145875556     
   320.84945759625163     
   320.84928549931288     
   321.11110521553451     
   321.11035158325996     
   321.10909789070195     
   321.10714748875756     
   321.10447874764844     
   321.10109219066339     
   321.09699687979690     
   321.09220757632346     
   321.08674410811722     
   321.08063142532120     
   321.07389992485764     
   321.06658588210644     
   321.05873188833380     
   321.05038720829799     
   321.04160796112200     
   321.03245702307464     
   321.02300354545895     
   321.01332200275209     
   321.00349072666381     
   320.99358996082032     
   320.98369956273069     
   320.97389657572626     
   320.96425294335904     
   320.95483362892190     
   320.94569531894092     
   320.93688577650528     
   320.92844379751222     
   320.92039965165776     
   320.91277585647055     
   320.90558813968096     
   320.89884646794491     
   320.89255605518815     
   320.88671829329422     
   320.88133157597838     
   320.87639200369756     
   320.87189397193004     
   320.86783065072137     
   320.86419436881908     
   320.86097691520655     
   320.85816977212903     
   320.85576429096210     
   320.85375182222418     
   320.85212380791722     
   320.85087184419990     
   320.84998771955259     
   320.84946343365891     
   320.84929119977011     
   321.11371339861779     
   321.11295468052350     
   321.11169239090822     
   321.10972830660586     
   321.10704025643491     
   321.10362822038201     
   321.09950062729735     
   321.09467150361286     
   321.08915985536345     
   321.08298975386089     
   321.07619071260439     
   321.06879819238299     
   321.06085414074681     
   321.05240747464234     
   321.04351440679392     
   321.03423849313282     
   321.02465027099845     
   321.01482636153486     
   321.00484795742756     
   320.99479870150765     
   320.98476209338975     
   320.97481869204336     
   320.96504347247128     
   320.95550367934447     
   320.94625740897112     
   320.93735298260970     
   320.92882903003277     
   320.92071511106502     
   320.91303268031317     
   320.90579621716176     
   320.89901438671831     
   320.89269113998500     
   320.88682670258800     
   320.88141842829714     
   320.87646151497222     
   320.87194959019109     
   320.86787518153358     
   320.86423008689775     
   320.86100566182131     
   320.85819303785274     
   320.85578328572058     
   320.85376753352972     
   320.85213704973518     
   320.85088329746350     
   320.84999796659559     
   320.84947298734232     
   320.84930052925608     
   321.11737290528998     
   321.11660720999606     
   321.11533312203778     
   321.11335025263753     
   321.11063567491800     
   321.10718860533296     
   321.10301657543891     
   321.09813256472819     
   321.09255439657846     
   321.08630486488630     
   321.07941217732377     
   321.07191056352752     
   321.06384095495633     
   321.05525165139017     
   321.04619886221190     
   321.03674698243884     
   321.02696842798821     
   321.01694284920899     
   321.00675557326980     
   320.99649523547674     
   320.98625073324098     
   320.97610784961626     
   320.96614603972324     
   320.95643587135368     
   320.94703742939197     
   320.93799974348491     
   320.92936108591692     
   320.92114988319958     
   320.91338597163121     
   320.90608197701545     
   320.89924466346685     
   320.89287616161687     
   320.88697503266758     
   320.88153715917264     
   320.87655647034182     
   320.87202552102463     
   320.86793594502547     
   320.86427880501418     
   320.86104485766799     
   320.85822475164713     
   320.85580917166021     
   320.85378894077809     
   320.85215508939513     
   320.85089889870039     
   320.85001192349631     
   320.84948599921171     
   320.84931323550160     
   321.12209159355223     
   321.12131717229562     
   321.12002832352965     
   321.11802193805499     
   321.11527412468098     
   321.11178311290172     
   321.10755526649081     
   321.10260218867569     
   321.09694013272775     
   321.09059017076879     
   321.08357871755953     
   321.07593826241106     
   321.06770823134718     
   321.05893589561663     
   321.04967721481364     
   321.03999744526840     
   321.02997128929252     
   321.01968231352765     
   321.00922138331293     
   320.99868397493395     
   320.98816648260936     
   320.97776196983131     
   320.96755609001821     
   320.95762391133093     
   320.94802808878262     
   320.93881841296053     
   320.93003246004184     
   320.92169694178426     
   320.91382938148968     
   320.90643983552025     
   320.89953248990957     
   320.89310704680634     
   320.88715987709151     
   320.88168494781013     
   320.87667455168901     
   320.87211986957590     
   320.86801139787764     
   320.86433926787981     
   320.86109348112012     
   320.85826407899827     
   320.85584126245732     
   320.85381547276853     
   320.85217744321739     
   320.85091822790332     
   320.85002921353419     
   320.84950211737640     
   320.84932897476392     
   321.12787929070146     
   321.12709457877440     
   321.12578831342563     
   321.12375416157414     
   321.12096706506861     
   321.11742404456447     
   321.11313001788761     
   321.10809486797950     
   321.10233285851450     
   321.09586284488614     
   321.08870888014081     
   321.08090108921840     
   321.07247674586387     
   321.06348148826515     
   321.05397056025362     
   321.04400989216134     
   321.03367672847929     
   321.02305941526942     
   321.01225591932251     
   321.00137077170297     
   320.99051047286457     
   320.97977795194703     
   320.96926717597768     
   320.95905907603236     
   320.94921943531381     
   320.93979869407229     
   320.93083316557500     
   320.92234703755912     
   320.91435463132211     
   320.90686257276462     
   320.89987169329743     
   320.89337859887712     
   320.88737691241067     
   320.88185823004761     
   320.87681284055850     
   320.87223025778195     
   320.86809960792118     
   320.86440990741983     
   320.86115025801138     
   320.85830998077620     
   320.85587870433545     
   320.85384641979755     
   320.85220351053732     
   320.85094076397195     
   320.85004936934871     
   320.84952090557238     
   320.84934732074163     
   321.13474758739596     
   321.13395124349728     
   321.13262528090365     
   321.13055970019639     
   321.12772808654000     
   321.12412603260464     
   321.11975673110584     
   321.11462798669999     
   321.10875162616935     
   321.10214373763307     
   321.09482535488792     
   321.08682347572375     
   321.07817238109203     
   321.06891521468805     
   321.05910573500228     
   321.04881004122626     
   321.03810791986200     
   321.02709326434308     
   321.01587288401521     
   321.00456307847651     
   320.99328381830310     
   320.98215127587349     
   320.97127042810723     
   320.96072966575679     
   320.95059837877483     
   320.94092727033149     
   320.93175048267585     
   320.92308854887528     
   320.91495144349153     
   320.90734131825900     
   320.90025475781636     
   320.89368453844099     
   320.88762094826177     
   320.88205274992112     
   320.87696786790690     
   320.87235386928023     
   320.86819829412167     
   320.86448887695536     
   320.86121369111794     
   320.85836123787089     
   320.85592049723749     
   320.85388095136352     
   320.85223258928016     
   320.85096589811013     
   320.85007184538637     
   320.84954185454205     
   320.84936777603281     
   321.14270958529204     
   321.14190053073389     
   321.14055303019143     
   321.13845305207087     
   321.13557265075417     
   321.13190578336139     
   321.12745364165659     
   321.12222159056608     
   321.11621854951380     
   321.10945724062395     
   321.10195492780610     
   321.09373456847004     
   321.08482637851472     
   321.07526982405511     
   321.06511599481217     
   321.05443018953781     
   321.04329430924173     
   321.03180833264622     
   321.02008980657854     
   321.00827018560790     
   320.99648738783412     
   320.98487541372492     
   320.97355379140276     
   320.96262024668800     
   320.95214805406556     
   320.94218733915824     
   320.93276865752586     
   320.92390731842534     
   320.91560747768091     
   320.90786555406794     
   320.90067286639993     
   320.89401756557845     
   320.88788599619164     
   320.88226362828573     
   320.87713567736995     
   320.87248750618414     
   320.86830487549327     
   320.86457409329148     
   320.86128209535690     
   320.85841648110323     
   320.85596551966461     
   320.85391813751988     
   320.85226389398781     
   320.85099294995251     
   320.85009603216776     
   320.84956439573210     
   320.84938978522041     
   321.15177960280511     
   321.15095705655966     
   321.14958667945604     
   321.14745012843417     
   321.14451777833438     
   321.14078176016068     
   321.13624100563266     
   321.13089808511239     
   321.12475853436280     
   321.11783107415761     
   321.11012836750427     
   321.10166826335717     
   321.09247558546770     
   321.08258454805764     
   321.07204184901195     
   321.06091034837135     
   321.04927294636184     
   321.03723575792520     
   321.02492900977091     
   321.01250356973850     
   321.00012145176248     
   320.98794095054592     
   320.97610093138456     
   320.96471061361029     
   320.95384699749565     
   320.94355804406007     
   320.93386856607168     
   320.92478649316956     
   320.91630829172544     
   320.90842314855024     
   320.90111597428699     
   320.89436944947801     
   320.88816536244354     
   320.88248545006621     
   320.87731190409653     
   320.87262765734556     
   320.86841652968889     
   320.86466328567968     
   320.86135363902440     
   320.85847422525836     
   320.85601255742597     
   320.85395697277846     
   320.85229657656470     
   320.85102118539743     
   320.85012127267800     
   320.84958791633318     
   320.84941274990194     
   321.16197283917398     
   321.16113635017513     
   321.15974231393591     
   321.15756789856118     
   321.15458168088838     
   321.15077380563122     
   321.14614071326889     
   321.14068185271520     
   321.13439891395637     
   321.12729597365217     
   321.11938020614593     
   321.11066315027261     
   321.10116264818816     
   321.09090564529475     
   321.07993204285191     
   321.06829969478792     
   321.05609029975420     
   321.04341522126407     
   321.03041905890314     
   321.01727742363948     
   321.00418511926591     
   320.99133425162802     
   320.97888965643267     
   320.96697438379351     
   320.95566810436998     
   320.94501381585457     
   320.93502736723144     
   320.92570639733503     
   320.91703735015955     
   320.90900043991110     
   320.90157292555318     
   320.89473115415331     
   320.88845176817040     
   320.88271237324960     
   320.87749186920507     
   320.87277057902753     
   320.86853026017582     
   320.86475405188844     
   320.86142638975639     
   320.85853290735406     
   320.85606033505201     
   320.85399640272163     
   320.85232974861123     
   320.85104983637274     
   320.85014687983170     
   320.84961177592851     
   320.84943604464314     
   321.17330500454614     
   321.17245447645973     
   321.17103660021940     
   321.16882398779734     
   321.16578334161738     
   321.16190269939449     
   321.15717582735175     
   321.15159877484467     
   321.14516897298478     
   321.13788524175419     
   321.12974837295019     
   321.12076230547990     
   321.11093608298660     
   321.10028690167724     
   321.08884465582651     
   321.07665837996564     
   321.06380471906931     
   321.05039767720456     
   321.03659699291148     
   321.02260949147370     
   321.00867541436708     
   320.99503539190255     
   320.98188962559993     
   320.96937710501487     
   320.95757735014297     
   320.94652365328267     
   320.93621819367559     
   320.92664448027921     
   320.91777611421037     
   320.90958239046535     
   320.90203162721389     
   320.89509300694169     
   320.88873750188338     
   320.88293826032776     
   320.87767069099061     
   320.87291238677733     
   320.86864297206301     
   320.86484391980957     
   320.86149836512226     
   320.85859092767657     
   320.85610754986868     
   320.85403535203773     
   320.85236250546620     
   320.85107812138966     
   320.85017215521475     
   320.84963532367561     
   320.84945903408573     
   321.18579191977858     
   321.18492762939070     
   321.18348636484575     
   321.18123623721829     
   321.17814204573648     
   321.17418965611813     
   321.16937004176918     
   321.16367565458035     
   321.15709933986773     
   321.14963413713008     
   321.14127362556547     
   321.13201285735670     
   321.12185012020615     
   321.11078997373750     
   321.09884822278127     
   321.08605970394336     
   321.07248974234705     
   321.05824937510511     
   321.04351186830024     
   321.02852246373084     
   321.01358568369102     
   320.99901484817070     
   320.98505898726739     
   320.97187374799438     
   320.95953228929682     
   320.94805041823884     
   320.93740995704712     
   320.92757540163126     
   320.91850425315704     
   320.91015283749181     
   320.90247929346060     
   320.89544491738951     
   320.88901460579808     
   320.88315683349055     
   320.87784341138115     
   320.87304915820550     
   320.86875155456892     
   320.86493041416463     
   320.86156758604346     
   320.85864669334546     
   320.85615290723121     
   320.85407275395494     
   320.85239395068294     
   320.85110526700527     
   320.85019640796304     
   320.84965791621624     
   320.84948109011225     
   321.19944909807907     
   321.19857170209860     
   321.19710814921899     
   321.19482223032992     
   321.19167687166964     
   321.18765576715816     
   321.18274706656723     
   321.17693953406996     
   321.17022123807971     
   321.16257906822699     
   321.15399872720121     
   321.14446522963169     
   321.13396418263164     
   321.12248438644787     
   321.11002268987141     
   321.09659256754423     
   321.08223845486310     
   321.06705783450326     
   321.05123060063909     
   321.03504647615324     
   321.01890268983379     
   321.00322804018526     
   320.98833943066484     
   320.97440547213131     
   320.96148043131979     
   320.94955028980843     
   320.93856739053996     
   320.92847133401062     
   320.91920002599028     
   320.91069486458326     
   320.90290277249301     
   320.89577664955516     
   320.88927509731758     
   320.88336185133170     
   320.87800513655964     
   320.87317704385663     
   320.86885296907565     
   320.86501112595954     
   320.86163213242224     
   320.85869866257622     
   320.85619515667332     
   320.85410757961148     
   320.85242322094331     
   320.85113052895736     
   320.85021897391420     
   320.84967893517666     
   320.84950160924478     
   321.21429131638615     
   321.21340184820286     
   321.21191774917168     
   321.20959880196921     
   321.20640615183885     
   321.20232140073682     
   321.19732994656346     
   321.19141691638822     
   321.18456559121103     
   321.17675657605349     
   321.16796731691778     
   321.15817196387843     
   321.14734181633258     
   321.13544691111076     
   321.12245984936413     
   321.10836391055000     
   321.09316899711604     
   321.07694073823853     
   321.05984795935160     
   321.04222400587037     
   321.02460089418634     
   321.00760602803285     
   320.99164894197241     
   320.97689568490335     
   320.96335775926048     
   320.95097263593834     
   320.93965150230434     
   320.92930258366181     
   320.91984088105676     
   320.91119131499499     
   320.90328896087442     
   320.89607814814264     
   320.88951122162678     
   320.88354730426397     
   320.87815118739809     
   320.87329238397223     
   320.86894433949465     
   320.86508378343439     
   320.86169019863468     
   320.85874538906216     
   320.85623312724056     
   320.85413886719988     
   320.85244951003790     
   320.85115321303164     
   320.85023923384534     
   320.84969780441941     
   320.84952002914827     
   321.23033219313498     
   321.22943204463195     
   321.22792975687577     
   321.22558154130678     
   321.22234692299702     
   321.21820557520647     
   321.21314033559474     
   321.20713290653225     
   321.20016199829803     
   321.19220210284385     
   321.18322244606327     
   321.17318602712072     
   321.16204887505154     
   321.14975994322322     
   321.13626266379868     
   321.12150043692475     
   321.10543093516333     
   321.08805894973972     
   321.06950426957428     
   321.05012049591500     
   321.03063017888422     
   321.01203920842374     
   320.99487149913892     
   320.97924579669740     
   320.96508797073926     
   320.95226071261982     
   320.94062066684012     
   320.93003863139239     
   320.92040431334527     
   320.91162545419201     
   320.90362530274962     
   320.89633991012556     
   320.88971572881957     
   320.88370762124953     
   320.87827725533560     
   320.87339182625482     
   320.86902304260616     
   320.86514632135777     
   320.86174014779215     
   320.85878556434494     
   320.85626576159405     
   320.85416574931725     
   320.85247209186184     
   320.85117269439365     
   320.85025663092125     
   320.84971400590410     
   320.84953584440996     
   321.24758378364078     
   321.24667467494106     
   321.24515711808033     
   321.24278431081120     
   321.23951438344267     
   321.23532533311288     
   321.23019775113437     
   321.22411030714272     
   321.21703761029903     
   321.20894857989362     
   321.19980478681174     
   321.18955855913310     
   321.17815077347751     
   321.16550843692789     
   321.15154258936735     
   321.13614823711595     
   321.11921116457512     
   321.10063457488206     
   321.08041747080409     
   321.05885005714947     
   321.03688676497285     
   321.01634834789297     
   320.99784351380794     
   320.98133200475274     
   320.96658352177269     
   320.95335377165878     
   320.94143259755515     
   320.93064967316133     
   320.92086898759544     
   320.91198176915225     
   320.90390035490100     
   320.89655338681723     
   320.88988216197220     
   320.88383787929439     
   320.87837955592454     
   320.87347244043258     
   320.86908679392747     
   320.86519694674962     
   320.86178056204898     
   320.85881805740092     
   320.85629214705085     
   320.85418747831733     
   320.85249034104180     
   320.85118843545450     
   320.85027068618160     
   320.84972709433828     
   320.84954862049273     
   321.26605621251002     
   321.26514014590794     
   321.26361072639622     
   321.26121879796392     
   321.25792138510445     
   321.25369514215146     
   321.24851885018296     
   321.24236871248667     
   321.23521597013212     
   321.22702490098277     
   321.21775058788518     
   321.20733609705582     
   321.19570873502130     
   321.18277499144165     
   321.16841377496775     
   321.15246790162229     
   321.13473572293003     
   321.11497259716560     
   321.09294086582867     
   321.06864438920695     
   321.04313721835229     
   321.02023413908358     
   321.00033954406371     
   320.98300634616032     
   320.96775021123460     
   320.95419123880032     
   320.94204737570607     
   320.93110865901656     
   320.92121608385850     
   320.91224685770186     
   320.90410438294316     
   320.89671138978031     
   320.89000513941676     
   320.88393400271178     
   320.87845497263544     
   320.87353182309590     
   320.86913372591914     
   320.86523419744879     
   320.86181028766538     
   320.85884194923619     
   320.85631154314285     
   320.85420344812604     
   320.85250375119102     
   320.85120000105320     
   320.85028101224674     
   320.84973670953326     
   320.84955800608572     
   321.28575735475789     
   321.28483655789114     
   321.28329906905526     
   321.28089412497502     
   321.27757798277673     
   321.27332636026063     
   321.26811676684764     
   321.26192366461447     
   321.25471589566098     
   321.24645439973284     
   321.23708952698803     
   321.22655746473799     
   321.21477518258962     
   321.20163298491946     
   321.18698311772874     
   321.17062173423534     
   321.15225965787613     
   321.13147600155349     
   321.10765984678551     
   321.08005470312912     
   321.04880133159963     
   321.02319849089071     
   321.00206832575930     
   320.98410843434237     
   320.96849748182166     
   320.95471939990676     
   320.94243146715593     
   320.93139368308795     
   320.92143074177659     
   320.91241032518479     
   320.90422993366775     
   320.89680846750349     
   320.89008060869463     
   320.88399293925153     
   320.87850118107616     
   320.87356818768188     
   320.86916245372004     
   320.86525699152162     
   320.86182847213871     
   320.85885656180932     
   320.85632340396631     
   320.85421321242433     
   320.85251194951081     
   320.85120707112412     
   320.85028732416424     
   320.84974258673338     
   320.84956374283905     
   321.30669258414662     
   321.30576944027052     
   321.30422794549997     
   321.30181653291913     
   321.29849107031487     
   321.29422679485680     
   321.28900056266184     
   321.28278593537772     
   321.27555051010688     
   321.26725348041884     
   321.25784270076900     
   321.24725068512021     
   321.23538879263180     
   321.22213832766801     
   321.20733616652825     
   321.19074997114689     
   321.17203175204202     
   321.15062091957031     
   321.12551141238384     
   321.09458617127387     
   321.05228426617032     
   321.02447050703364     
   321.00271117696997     
   320.98449734337879     
   320.96875572513073     
   320.95490013177152     
   320.94256218912722     
   320.93149036631206     
   320.92150339654660     
   320.91246556955406     
   320.90427231771474     
   320.89684121313076     
   320.89010605018302     
   320.88401279820931     
   320.87851674574722     
   320.87358043316999     
   320.86917212551054     
   320.86526466425602     
   320.86183459242216     
   320.85886147934440     
   320.85632739513642     
   320.85421649785360     
   320.85251470789945     
   320.85120944977450     
   320.85028944770090     
   320.84974456395258     
   320.84956567282336     
   321.32886459652968     
   321.32794156929992     
   321.32640026921371     
   321.32398916230687     
   321.32066412225129     
   321.31640039127097     
   321.31117482947786     
   321.30496100455883     
   321.29772651959274     
   321.28943057682545     
   321.28002104003741     
   321.26943043606207     
   321.25757013875585     
   321.24432147229180     
   321.22952133688091     
   321.21293742649885     
   321.19422179152423     
   321.17281389177083     
   321.14770772993523     
   321.11679876296148     
   321.35102973139334     
   321.35010681920824     
   321.34856571198861     
   321.34615490708916     
   321.34283028528500     
   321.33856709254377     
   321.33334219421147     
   321.32712916271464     
   321.31989560832687     
   321.31160074067486     
   321.30219243405088     
   321.29160322687261     
   321.27974450884091     
   321.26649762268170     
   321.25169949364602     
   321.23511784662304     
   321.21640477319721     
   321.19499978243306     
   321.16989694524125     
   321.13900377727839     
   321.37318047229274     
   321.37225767417601     
   321.37071675729209     
   321.36830625130278     
   321.36498204267792     
   321.36071938243236     
   321.35549513977719     
   321.34928289317168     
   321.34205025871722     
   321.33375645468828     
   321.32434936452472     
   321.31376153945837     
   321.30190438368226     
   321.28865925966636     
   321.27386311640095     
   321.25728371091310     
   321.23857317499886     
   321.21717106897341     
   321.19207153381848     
   321.16119368885450     
   321.39530930308422     
   321.39438661733652     
   321.39284588889274     
   321.39043567794261     
   321.38711187799220     
   321.38284974366093     
   321.37762614938941     
   321.37141467823494     
   321.36418295347084     
   321.35589020058353     
   321.34648431347205     
   321.33589785474879     
   321.32404224436885     
   321.31079886313177     
   321.29600468501110     
   321.27942749786558     
   321.26071947514311     
   321.23932022797442     
   321.21422397144499     
   321.18336097157515     
   321.41740870668428     
   321.41648613229700     
   321.41494558962262     
   321.41253567047607     
   321.40921227386008     
   321.40495065942622     
   321.39972770534308     
   321.39351700068386     
   321.38628617439059     
   321.37799446055294     
   321.36858976202257     
   321.35800465414508     
   321.34615057113513     
   321.33290891343160     
   321.31811667852531     
   321.30154168643861     
   321.28283615108114     
   321.26143973646884     
   321.23634673321186     
   321.20549809974955     
   321.43947116628755     
   321.43854870146623     
   321.43700834259084     
   321.43459871117824     
   321.43127571319076     
   321.42701461174033     
   321.42179229021065     
   321.41558234212340     
   321.40835240355739     
   321.40006171563107     
   321.39065819158390     
   321.38007441791609     
   321.36822184449204     
   321.35498188982029     
   321.34019157626619     
   321.32361875453415     
   321.30491568052992     
   321.28352207049329     
   321.25843229446917     
   321.22759754677247     
   321.46148916410863     
   321.46056680781334     
   321.45902662993041     
   321.45661728288275     
   321.45329467792368     
   321.44903408317498     
   321.44381238560391     
   321.43760318472152     
   321.43037412210526     
   321.42208444741721     
   321.41268208263728     
   321.40209962689408     
   321.39024854405159     
   321.37701027211369     
   321.36222185669334     
   321.34565118061352     
   321.32695054039431     
   321.30555970663784     
   321.28047312982528     
   321.24965178657641     
   321.48345518261601     
   321.48253293296005     
   321.48099293402697     
   321.47858386708162     
   321.47526165025130     
   321.47100155496736     
   321.46578047339000     
   321.45957200932105     
   321.45234381142620     
   321.44405513620109     
   321.43465391592213     
   321.42407276062625     
   321.41222314968428     
   321.39898653887428     
   321.38419999852499     
   321.36763144192463     
   321.34893320783442     
   321.32754512033551     
   321.30246171414473     
   321.27165329201074     
   321.50536170325978     
   321.50443955917336     
   321.50289973625195     
   321.50049094591128     
   321.49716911135732     
   321.49290950900092     
   321.48768903443556     
   321.48148129741469     
   321.47425395192374     
   321.46596626292575     
   321.45656617120989     
   321.44598629931335     
   321.43413814031885     
   321.42090316931882     
   321.40611847957149     
   321.38955201637157     
   321.37085615915038     
   321.34947078767465     
   321.32439052149738     
   321.29359453657537     
   321.52720120771994     
   321.52627916722685     
   321.52473951820497     
   321.52233100001962     
   321.51900954265517     
   321.51475042567694     
   321.50953054983961     
   321.50332352902257     
   321.49609702423834     
   321.48781030707562     
   321.47841132851028     
   321.46783272172047     
   321.45598599512437     
   321.44275264125798     
   321.42796977788720     
   321.41140538048990     
   321.39271187088650     
   321.37132918342866     
   321.34625202620538     
   321.31546799252089     
   321.54896617662098     
   321.54804423862288     
   321.54650476043491     
   321.54409651078328     
   321.54077542451205     
   321.53651678612806     
   321.53129749966303     
   321.52509118490013     
   321.51786550798272     
   321.50957974887569     
   321.50018186682451     
   321.48960450735598     
   321.47775919228690     
   321.46452743324909     
   321.44974637057413     
   321.43318401156699     
   321.41449281868103     
   321.39311278312618     
   321.36803870174521     
   321.33726613285978     
   321.57064909079281     
   321.56972725322663     
   321.56818794369383     
   321.56577995794595     
   321.56245923750095     
   321.55820106985993     
   321.55298236417565     
   321.54677674418502     
   321.53955188298488     
   321.53126706694616     
   321.52187026537223     
   321.51129413414441     
   321.49945021021426     
   321.48622002229320     
   321.47144073496383     
   321.45488038536956     
   321.43619147840502     
   321.41481406082579     
   321.38974302184113     
   321.35898142919137     
   321.59224242997448     
   321.59132069171483     
   321.58978154764827     
   321.58737382206357     
   321.58405346111294     
   321.57979575719332     
   321.57457762257314     
   321.56837268683472     
   321.56114862800774     
   321.55286474073330     
   321.54346900232582     
   321.53289408084140     
   321.52105152629139     
   321.50782288622867     
   321.49304534739275     
   321.47648697850946     
   321.45780032497839     
   321.43642549143999     
   321.41135745932229     
   321.38060635398659     
   321.61373867408605     
   321.61281703298619     
   321.61127805214323     
   321.60887058191724     
   321.60555057502108     
   321.60129332668049     
   321.59607575423661     
   321.58987149104655     
   321.58264822200732     
   321.57436524793519     
   321.56497055605564     
   321.55439682447366     
   321.54255561810680     
   321.52932850119055     
   321.51455268441180     
   321.49799626592943     
   321.47931183354279     
   321.45793954825837     
   321.43287448726068     
   321.40213337814242     
   321.63513030192308     
   321.63420875683164     
   321.63266993590435     
   321.63026271718235     
   321.62694305778160     
   321.62268625777028     
   321.61746923743834     
   321.61126563592023     
   321.60404314283898     
   321.59576106716037     
   321.58636740384821     
   321.57579484298549     
   321.56395496218721     
   321.55072934423993     
   321.53595522153620     
   321.51940072350851     
   321.50071847824529     
   321.47934870552160     
   321.45428657778541     
   321.42355497353520     
   321.65640979243727     
   321.65548834112673     
   321.65394967781162     
   321.65154270562124     
   321.64822338810990     
   321.64396702800525     
   321.63875055061305     
   321.63254759865674     
   321.62532586852939     
   321.61704467512942     
   321.60765202316679     
   321.59708061245033     
   321.58524203524473     
   321.57201789059133     
   321.55724543448002     
   321.54069282531128     
   321.52201273344286     
   321.50064543569840     
   321.47558620326316     
   321.44486361030982     
   321.67756962342412     
   321.67664826471855     
   321.67510975559304     
   321.67270302597012     
   321.66938404357109     
   321.66512811590422     
   321.65991217105312     
   321.65370985744039     
   321.64648887596996     
   321.63820854955486     
   321.62881689035652     
   321.61824660994392     
   321.60640931289311     
   321.59318661647171     
   321.57841579788243     
   321.56186504642875     
   321.54318707245613     
   321.52182221230277     
   321.49676583507164     
   321.46605175969586     
   321.69860227281049     
   321.69768100440461     
   321.69614264710702     
   321.69373615491810     
   321.69041750186580     
   321.68616199794536     
   321.68094657619048     
   321.67474488842106     
   321.66752464220173     
   321.65924516612529     
   321.64985448191800     
   321.63928531053239     
   321.62744927091251     
   321.61422799612166     
   321.59945878656617     
   321.58290985999503     
   321.56423396880439     
   321.54287150693187     
   321.51781794482065     
   321.48711189103807     
   321.71950021733670     
   321.71857903803112     
   321.71704082902897     
   321.71463457020519     
   321.71131623951345     
   321.70706115166092     
   321.70184624228290     
   321.69564516881104     
   321.68842564309779     
   321.68014700160154     
   321.67075727320008     
   321.66018919036719     
   321.64835438394965     
   321.63513450487926     
   321.62036687424148     
   321.60381974025819     
   321.58514589492995     
   321.56378579232046     
   321.53873500308652     
   321.50803647486856     
   321.74025593385022     
   321.73933484126508     
   321.73779677814116     
   321.73539074739443     
   321.73207273314546     
   321.72781805241158     
   321.72260364570502     
   321.71640317365672     
   321.70918435465927     
   321.70090653058793     
   321.69151773968696     
   321.68095072345528     
   321.66911712679962     
   321.65589861595953     
   321.64113253478672     
   321.62458715937163     
   321.60591532346200     
   321.58455753914461     
   321.55950948067198     
   321.52881797968519     
   321.76086189798264     
   321.75994089089670     
   321.75840297001315     
   321.75599716317492     
   321.75267945818223     
   321.74842517668827     
   321.74321126162693     
   321.73701137914350     
   321.72979325168791     
   321.72151622883871     
   321.71212835567889     
   321.70156238496946     
   321.68972997308981     
   321.67651280375770     
   321.66174824093201     
   321.64520459068757     
   321.62653472591467     
   321.60517921930818     
   321.58013384730333     
   321.54944887527324     
   321.78146393712910     
   321.78054301306389     
   321.77900523190459     
   321.77659964346503     
   321.77328224155883     
   321.76902834996480     
   321.76381491640490     
   321.75761561001042     
   321.75039815962589     
   321.74212191995565     
   321.73273494520663     
   321.72216999674998     
   321.71033874463041     
   321.69712288725867     
   321.68235981071172     
   321.66581784799024     
   321.64714991269909     
   321.62579663432285     
   321.60075389153388     
   321.57007537204504     
   321.80206205389317     
   321.80114121157965     
   321.79960356636042     
   321.79719819198135     
   321.79388108567775     
   321.78962757576954     
   321.78441461220211     
   321.77821586949511     
   321.77099908028521     
   321.76272360676609     
   321.75333750960328     
   321.74277356107086     
   321.73094344211182     
   321.71772886799550     
   321.70296724395939     
   321.68642693181766     
   321.66776088248628     
   321.64640978334614     
   321.62136961034616     
   321.59069746704836     
   321.82265625093879     
   321.82173548783049     
   321.82019797598502     
   321.81779281001610     
   321.81447599300719     
   321.81022285521016     
   321.80501035125491     
   321.79881215841885     
   321.79159601556364     
   321.78332128968844     
   321.77393605029772     
   321.76337307780506     
   321.75154406633771     
   321.73833074511856     
   321.72357054064508     
   321.70703184035108     
   321.68836763410991     
   321.66701866320562     
   321.64198100093546     
   321.61131515501825     
   321.84324652966046     
   321.84232584446858     
   321.84078846211690     
   321.83838350012991     
   321.83506696474973     
   321.83081419066878     
   321.82560213453831     
   321.81940447888843     
   321.81218896610187     
   321.80391497043996     
   321.79453056747496     
   321.78396854814457     
   321.77214061688102     
   321.75892851911544     
   321.74416969952495     
   321.72763257313193     
   321.70897016521678     
   321.68762327212983     
   321.66258805933609     
   321.63192843217502     
   321.86383289149001     
   321.86291228160297     
   321.86137502613155     
   321.85897026234215     
   321.85565400215216     
   321.85140158198959     
   321.84618996307898     
   321.83999283047535     
   321.83277793260584     
   321.82450464820937     
   321.81512106139638     
   321.80455997075899     
   321.79273309340994     
   321.77952218796878     
   321.76476471947626     
   321.74822912722021     
   321.72956847360570     
   321.70822360588818     
   321.68319078178996     
   321.65253729229175     
   321.88441533656498     
   321.88349480067575     
   321.88195766811367     
   321.87955309800833     
   321.87623710517016     
   321.87198503035933     
   321.86677383661686     
   321.86057721410612     
   321.85336291449812     
   321.84509032355459     
   321.83570753105209     
   321.82514734570964     
   321.81332149433348     
   321.80011175107234     
   321.78535559813190     
   321.76882150111277     
   321.75016255585422     
   321.72881966173344     
   321.70378916333976     
   321.67314173071674     
   321.90499386503842     
   321.90407340047386     
   321.90253638816279     
   321.90013200583076     
   321.89681627378206     
   321.89256453431409     
   321.88735375492251     
   321.88115762805847     
   321.87394391124673     
   321.86567199439071     
   321.85628997548974     
   321.84573067041907     
   321.83390581813865     
   321.82069720519752     
   321.80594233323109     
   321.78940969070584     
   321.77075240868101     
   321.74941143433551     
   321.72438319923043     
   321.69374174022124     
   321.92556847574576     
   321.92464808118166     
   321.92311118506495     
   321.92070698591198     
   321.91739150665131     
   321.91314009379806     
   321.90792971645550     
   321.90173407203133     
   321.89452092101101     
   321.88624966006910     
   321.87686839245981     
   321.86630994377077     
   321.85448606202596     
   321.84127854859747     
   321.82652492123947     
   321.80999369340589     
   321.79133802755234     
   321.76999891992619     
   321.74497288347180     
   321.71433731523865     
   321.94613916751695     
   321.94521884022203     
   321.94368205759906     
   321.94127803559502     
   321.93796280244379     
   321.93371170599670     
   321.92850171968615     
   321.92230654296651     
   321.91509394197629     
   321.90682331718926     
   321.89744277975240     
   321.88688516189859     
   321.87506222325800     
   321.86185577679174     
   321.84710335871495     
   321.83057350390504     
   321.81191940806406     
   321.79058211203693     
   321.76555821027074     
   321.73492844750115     
   321.96670593784233     
   321.96578567647629     
   321.96424900320937     
   321.96184515368446     
   321.95853015848763     
   321.95427936956645     
   321.94906976175071     
   321.94287503929019     
   321.93566297099659     
   321.92739296385110     
   321.91801313383564     
   321.90745632246359     
   321.89563429778423     
   321.88242888684840     
   321.86767764091445     
   321.85114911847523     
   321.83249654452976     
   321.81116100583517     
   321.78613917256445     
   321.75551513048561     
   321.98726878418631     
   321.98634858596284     
   321.98481201931247     
   321.98240833612402     
   321.97909357209363     
   321.97484308030266     
   321.96963383977686     
   321.96343955656857     
   321.95622800493231     
   321.94795859529921     
   321.93857945120021     
   321.92802342027193     
   321.91620228160099     
   321.90299787299585     
   321.88824776317318     
   321.87172053056617     
   321.85306943138249     
   321.83173559367680     
   321.80671576348226     
   321.77609735484987     
   322.00782770265346     
   322.00690756621754     
   322.00537110196967     
   322.00296758037729     
   321.99965303921425     
   321.99540283553080     
   321.99019394953734     
   321.98400009191238     
   321.97678903929148     
   321.96852020833899     
   321.95914172699190     
   321.94858645171911     
   321.93676616936710     
   321.92356273107504     
   321.90881371949990     
   321.89228773527395     
   321.87363806174409     
   321.85230586962405     
   321.82728797485152     
   321.79667511307497     
   322.02838268930259     
   322.02746261181659     
   322.02592624719512     
   322.02352288095108     
   322.02020855576569     
   322.01595862961904     
   322.01075008677719     
   322.00455663947480     
   321.99734606957014     
   321.98907779682270     
   321.97969995636191     
   321.96914541024699     
   321.95732595577323     
   321.94412345398666     
   321.92937550396817     
   321.91285072476950     
   321.89420242884654     
   321.87287182482214     
   321.84785579868696     
   321.81724839471116     
   322.04893373881430     
   322.04801371890937     
   322.04647744962909     
   322.04407423392746     
   322.04076011628609     
   322.03651045852047     
   322.03130224586715     
   322.02510919500997     
   322.01789908989207     
   322.00963135622112     
   322.00025413309612     
   321.98970029094517     
   321.97788163414992     
   321.96468003630446     
   321.94993310930130     
   321.93340949293321     
   321.91476252458364     
   321.89343345218913     
   321.86841922567072     
   321.83781719120606     
   322.06948084580455     
   322.06856088059521     
   322.06702470384619     
   322.06462163234096     
   322.06130771525932     
   322.05705831514126     
   322.05185042113260     
   322.04565775122364     
   322.03844809435191     
   322.03018087895947     
   322.02080425096921     
   322.01025108585645     
   321.99843319784515     
   321.98523246956739     
   321.97048652827493     
   321.95396403062409     
   321.93531834095018     
   321.91399074162683     
   321.88897824666742     
   321.85838149097134     
   322.09002400349323     
   322.08910409159802     
   322.08756800302939     
   322.08516507085369     
   322.08185134577360     
   322.07760219402428     
   322.07239460550630     
   322.06620230247501     
   322.05899307565295     
   322.05072635913547     
   322.04135030237109     
   322.03079778872649     
   322.01898063882584     
   322.00578074704396     
   321.99103575229168     
   321.97451433046933     
   321.95586986857762     
   321.93454368487266     
   321.90953285118132     
   321.87894128438552     
   322.11056320501882     
   322.10964334350791     
   322.10810734027825     
   322.10570454099593     
   322.10239100084539     
   322.09814208658065     
   322.09293479185897     
   322.08674283998982     
   322.07953402645364     
   322.07126778771493     
   322.06189227966559     
   322.05134039016735     
   322.03952394906275     
   322.02632485887966     
   322.01158077279518     
   321.99506038198473     
   321.97641709818959     
   321.95509227055459     
   321.93008302889410     
   321.89949655869339     
   322.13109844210726     
   322.13017862958765     
   322.12864270728539     
   322.12624003597335     
   322.12292667207947     
   322.11867798590737     
   322.11347097165185     
   322.10727935669667     
   322.10007093800380     
   322.09180515738683     
   322.08243017381312     
   322.07187888254481     
   322.06006311912626     
   322.04686479700229     
   322.03212157983478     
   322.01560217650905     
   321.99696001912372     
   321.97563648919470     
   321.95062876810118     
   321.92004730317080     
   322.15162970638698     
   322.15070993988815     
   322.14917409564299     
   322.14677154578209     
   322.14345835099243     
   322.13920988189068     
   322.13400313626875     
   322.12781184231125     
   322.12060380149325     
   322.11233845762780     
   322.10296397573467     
   322.09241325501046     
   322.08059813957806     
   322.06740055013495     
   322.05265816349009     
   322.03613970218635     
   322.01749862080095     
   321.99617632811947     
   321.97117005727068     
   321.94059350386914     
   322.17215698805865     
   322.17123726617700     
   322.16970149552202     
   322.16729906213811     
   322.16398602767481     
   322.15973776614788     
   322.15453127566866     
   322.14834028829813     
   322.14113260668739     
   322.13286767968498     
   322.12349367493073     
   322.11294349851727     
   322.10112899956135     
   322.08793210883164     
   322.07319051242757     
   322.05667294903418     
   322.03803289123550     
   322.01671177660347     
   321.99170688346067     
   321.96113514893034     
   322.19183952947731     
   322.19091984921465     
   322.18938414926981     
   322.18698182579413     
   322.18366894446950     
   322.17942087942015     
   322.17421463219205     
   322.16802393539587     
   322.16081659594823     
   322.15255206433091     
   322.14317851384374     
   322.13262885396114     
   322.12081494174532     
   322.10761871433800     
   322.09287786990245     
   322.07636115924714     
   322.05772207535540     
   322.03640207992629     
   322.01139849769402     
   321.98083133767858     
   322.21065487052266     
   322.20973523047553     
   322.20819959673975     
   322.20579737817792     
   322.20248464115662     
   322.19823676304662     
   322.19303074550015     
   322.18684032480672     
   322.17963330876108     
   322.17136915257191     
   322.16199603171879     
   322.15144686208419     
   322.13963350505020     
   322.12643790703623     
   322.11169777440301     
   322.09518187272391     
   322.07654371105650     
   322.05522477731785     
   322.03022243699041     
   321.99965960834544     
   322.22858055094912     
   322.22766094808566     
   322.22612537765571     
   322.22372325737081     
   322.22041065739955     
   322.21616295501804     
   322.21095715514826     
   322.20476699438035     
   322.19756028452497     
   322.18929648206120     
   322.17992376773702     
   322.16937506027153     
   322.15756222836694     
   322.14436722395993     
   322.12962776442822     
   322.11311262602152     
   322.09447533630356     
   322.07315740465970     
   322.04815623853523     
   322.01759749577695     
   322.24559410905715     
   322.24467454196588     
   322.24313903029497     
   322.24073700325152     
   322.23742453140949     
   322.23317699513461     
   322.22797139924143     
   322.22178148379567     
   322.21457506118662     
   322.20631159230345     
   322.19693925962980     
   322.18639098779357     
   322.17457864913530     
   322.16138420405849     
   322.14664537703055     
   322.13013095765945     
   322.11149448761751     
   322.09017749987680     
   322.06517743806222     
   322.03462253701252     
   322.26167308300990     
   322.26075354862871     
   322.25921809279339     
   322.25681615229325     
   322.25350380126906     
   322.24925641978894     
   322.24405101576679     
   322.23786132931957     
   322.23065517659563     
   322.22239201939050     
   322.21302004505463     
   322.20247218050264     
   322.19066030475665     
   322.17746638287184     
   322.16272814926543     
   322.14621440275283     
   322.12757870158134     
   322.10626259748119     
   322.08126357146693     
   322.05071226563678     
   322.27679500950546     
   322.27587550641579     
   322.27434010182890     
   322.27193824280045     
   322.26862600359777     
   322.26437876721667     
   322.25917354125005     
   322.25298406908155     
   322.24577816713764     
   322.23751530129960     
   322.22814366020629     
   322.21759617617153     
   322.20578473116808     
   322.19259129789151     
   322.17785361672679     
   322.16134049841645     
   322.14270551331964     
   322.12139023406775     
   322.09639217317573     
   322.06584421747311     
   322.29093742509366     
   322.29001795020702     
   322.28848259392714     
   322.28608080961885     
   322.28276867487546     
   322.27852157219291     
   322.27331651208817     
   322.26712723774642     
   322.25992156909052     
   322.25165897254220     
   322.24228764119653     
   322.23174050910114     
   322.21992946425922     
   322.20673648314431     
   322.19199931500509     
   322.17548677830484     
   322.15685245801257     
   322.13553794276135     
   322.11054077777379     
   322.07999592482798     
   322.30407786484955     
   322.30315841674121     
   322.30162310414653     
   322.29922138945540     
   322.29590935010935     
   322.29166237136559     
   322.28645746320728     
   322.28026837187167     
   322.27306291725864     
   322.26480056954466     
   322.25542952266397     
   322.24488271554372     
   322.23307203844490     
   322.21987947464135     
   322.20514277821650     
   322.18863077810573     
   322.16999706936838     
   322.14868325880457     
   322.12368691836161     
   322.09314492228629     
   322.31619386369096     
   322.31527443924978     
   322.31373916738346     
   322.31133751551209     
   322.30802556415773     
   322.30377869787645     
   322.29857392939505     
   322.29238500450350     
   322.28517974632922     
   322.27691762522210     
   322.26754683915499     
   322.25700032823261     
   322.24518998808406     
   322.23199780488039     
   322.21726154046706     
   322.20075002999744     
   322.18211688114599     
   322.16080371391962     
   322.13580812819561     
   322.10526874086275     
   322.32726295505228     
   322.32634355284841     
   322.32480831705914     
   322.32240672287793     
   322.31909485039751     
   322.31484808676470     
   322.30964344396017     
   322.30345467060670     
   322.29624958950774     
   322.28798767443021     
   322.27861712373505     
   322.26807088187883     
   322.25626084605159     
   322.24306900837195     
   322.22833313437815     
   322.21182206822067     
   322.19318942562091     
   322.17187684197717     
   322.14688193903413     
   322.11634491388412     
   322.33726267220288     
   322.33634328910603     
   322.33480808642440     
   322.33240654309765     
   322.32909474204928     
   322.32484806952544     
   322.31964354006521     
   322.31345490159578     
   322.30624997987462     
   322.29798824847381     
   322.28861790936895     
   322.27807190763514     
   322.26626214515949     
   322.25307061607174     
   322.23833509255542     
   322.22182442346451     
   322.20319223511478     
   322.18188017328430     
   322.15688588278903     
   322.12635097106187     
   322.34617054692160     
   322.34525118149776     
   322.34371600724813     
   322.34131450962462     
   322.33800277084509     
   322.33375617957154     
   322.32855174938646     
   322.32236323082526     
   322.31515844902094     
   322.30689688062023     
   322.29752672753364     
   322.28698093865376     
   322.27517141672837     
   322.26198016097169     
   322.24724494611115     
   322.23073462850499     
   322.21210284045605     
   322.19079124032226     
   322.16579748986328     
   322.13526444444727     
   322.35396411081553     
   322.35304475991956     
   322.35150961112208     
   322.34910815233548     
   322.34579646835385     
   322.34154994674071     
   322.33634560344728     
   322.33015718806712     
   322.32295252840760     
   322.31469110055320     
   322.30532110959939     
   322.29477550449616     
   322.28296619201012     
   322.26977517247548     
   322.25504022613694     
   322.23853021253200     
   322.21989877251571     
   322.19858757197323     
   322.17359429081120     
   322.14306286243993     
   322.36062089399604     
   322.35970155619032     
   322.35816642815092     
   322.35576500303296     
   322.35245336465084     
   322.34820690280441     
   322.34300263228016     
   322.33681430505055     
   322.32960974799931     
   322.32134843993725     
   322.31197858544243     
   322.30143313674114     
   322.28962400075852     
   322.27643318204144     
   322.26169846222450     
   322.24518870684216     
   322.22655756066416     
   322.20524669931461     
   322.18025381466896     
   322.14972375580129     
   322.36611842639724     
   322.36519909852558     
   322.36366398825641     
   322.36126258991806     
   322.35795098964257     
   322.35370457593524     
   322.34850036575841     
   322.34231210989719     
   322.33510763762621     
   322.32684642682716     
   322.31747668482785     
   322.30693136335134     
   322.29512237265504     
   322.28193171751360     
   322.26719718394054     
   322.25068763911884     
   322.23205673431079     
   322.21074614979705     
   322.18575359062345     
   322.15522465161246     
   322.37043423645395     
   322.36951491707612     
   322.36797981986984     
   322.36557844313057     
   322.36226687173809     
   322.35802049625158     
   322.35281633226111     
   322.34662813269921     
   322.33942372561768     
   322.33116259127229     
   322.32179293602212     
   322.31124771431951     
   322.29943883587765     
   322.28624830880489     
   322.27151391934734     
   322.25500453916709     
   322.23637382135939     
   322.21506345308143     
   322.19007114633564     
   322.15954307933299     
   322.37354585241923     
   322.37262653837166     
   322.37109145123537     
   322.36869008919103     
   322.36537853917395     
   322.36113219025532     
   322.35592806000449     
   322.34973989992255     
   322.34253554016527     
   322.33427445969392     
   322.32490486717751     
   322.31435971600462     
   322.30255091852956     
   322.28936048219492     
   322.27462619647929     
   322.25811693315944     
   322.23948634975011     
   322.21817613518283     
   322.19318400961691     
   322.16265656472189     
   322.37543080104518     
   322.37451149088605     
   322.37297640910424     
   322.37057505656674     
   322.36726351868651     
   322.36301718640260     
   322.35781307570699     
   322.35162494001293     
   322.34442060795664     
   322.33615956051682     
   322.32679000494392     
   322.31624489680439     
   322.30443614720690     
   322.29124576604158     
   322.27651154186287     
   322.26000234939960     
   322.24137184591387     
   322.22006172433646     
   322.19506970674792     
   322.16454263592772     
   322.37606660889861     
   322.37514729946076     
   322.37361222003796     
   322.37121087009575     
   322.36789933683730     
   322.36365300952258     
   322.35844890592290     
   322.35226077777889     
   322.34505645553952     
   322.33679541852644     
   322.32742587585619     
   322.31688078147226     
   322.30507204842900     
   322.29188168505823     
   322.27714748199486     
   322.26063831254777     
   322.24200783631687     
   322.22069774512011     
   322.19570576415907     
   322.16517881738611     
